0108927262
0108926660
3502406778
0108912989
0108926685
0315938079
3603671412
0108912410
0108926597
0108927209
0315932380
0315938103
3603671155
3603671469
0108901257
0108923236
0108926607
0108926879
0108927512
0315933352
3401194911
3502406802
3603671349
3603671451
5300772888
0108888951
0108921359
0108923878
0108926780
0315931820
0315932944
0315935783
1201613551
3502406760
3502406792
3502406880
3603671187
3603671395
3702815591
6400412457
0108917602
0108922962
0108923557
0108924575
0108926692
0315931806
0315932327
0315932937
0315933232
0315933666
0315935977
1201613544
3401194894
3502406312
3502406873
3603668843
3603671162
3603671317
3603671363
3702815513
3702815633
6001669404
0108915299
0108921207
0108922673
0108923028
0108923490
0108923589
0108924367
0108925106
0315930489
0315931813
0315932302
0315932334
0315932408
0315933151
0315933345
0315933560
0315935705
0315935825
0315936064
1001200564
1201613569
3401194904
3502406753
3502406841
3603668191
3603671123
3603671268
3702814904
3702815552
3702815601
3702815873
5500594262
6101263292
0108913904
0108917352
0108921091
0108921302
0108922306
0108922930
0108923010
0108923211
0108923363
0108923518
0108923846
0108924053
0108924487
0108924783
0108925441
0315917135
0315930707
0315931891
0315932373
0315932398
0315932422
0315932976
0315933183
0315933338
0315933539
0315933659
0315934902
0315935790
0315935938
0315935991
0315936258
1001200395
1101929939
2500636100
3502406746
3502406827
3603671109
3603671148
3603671194
3702814693
3702815217
3702815538
3702815584
3702815626
3702815721
4601545816
5400511632
5801416016
6101263285
6300320844
0108914785
0108917257
0108919945
0108922289
0108922560
0108922786
0108922948
0108922987
0108923099
0108923349
0108923388
0108923532
0108923821
0108923966
0108924279
0108924423
0108924536
0108924624
0108924913
0108925427
0108926438
0315903291
0315917512
0315930697
0315931683
0315931852
0315932133
0315932341
0315932687
0315933017
0315933169
0315933190
0315933313
0315933401
0315933627
0315934613
0315935374
0315935857
0315935945
0315936032
0315936106
0315937702
1001200356
1001200557
1101929921
1201613512
1501105968
3301659578
3502406721
3603670514
3603671116
3603671130
3603671772
3702814830
3702815168
3702815231
3702815545
3702815577
3702815665
3801209506
4601545823
5400511618
5801416009
5801416048
6101263260
6200104286
6400412400
0108918966
0108920884
0108921630
0108922546
0108922708
0108922881
0108922955
0108923035
0108923116
0108923268
0108923356
0108923483
0108923902
0108924021
0108924254
0108924293
0108924416
0108924462
0108924494
0108924568
0108924617
0108924631
0108924790
0108925057
0108925392
0108925434
0108925547
0108926572
0201985244
0315916237
0315917255
0315918379
0315930577
0315931394
0315931796
0315931877
0315932077
0315932285
0315932359
0315932454
0315932711
0315932983
0315933105
0315933225
0315933507
0315933592
0315933634
0315934532
0315934677
0315935310
0315935399
0315935864
0315936000
0315936057
0315936071
0315936138
0315936402
0315937734
0801298973
1001200363
1001200483
1101929907
1201613505
1201613537
1501105943
2400872672
3101074395
3401194855
3502406707
3502406739
3603671099
3603671596
3603671885
3702814894
3702814936
3702815224
3702815457
3702815658
3702815707
3801209471
4401069486
4900855189
5400511590
5400511625
5500595001
6001669394
6300320837
6400412376
6400412418
0108919053
0108920877
0108920901
0108921599
0108922183
0108922313
0108922553
0108922698
0108922793
0108923042
0108923155
0108923250
0108923331
0108923941
0108923998
0108924039
0108924102
0108924261
0108924286
0108924328
0108924409
0108924448
0108924511
0108924776
0108924896
0108925032
0108925071
0108925385
0108925402
0108925515
0108925586
0201985371
0315915579
0315917230
0315924340
0315930538
0315930591
0315931242
0315931588
0315931690
0315931933
0315932101
0315932158
0315932292
0315932535
0315932694
0315932750
0315933088
0315933200
0315933433
0315933521
0315933585
0315933602
0315933899
0315934557
0315934620
0315934758
0315935180
0315935631
0315935920
0315936177
0315936272
0315936804
0315937727
0315937759
0801298941
0901063485
1001200388
1001200405
1001200490
1101929784
1101929914
1201613495
1301082135
1702175732
2500636090
2902012977
3301659560
3401194830
3502406633
3603670881
3603671589
3603671733
3702814421
3702814862
3702815009
3702815263
3702815506
3702815672
3702815714
3801209464
3801209496
4201864286
4500635090
4900855118
5300772863
5400511537
5801415950
6001669387
6400412305
6400412383
0108919046
0108919617
0108920450
0108921398
0108922176
0108922232
0108922419
0108922835
0108923081
0108923130
0108923980
0108924007
0108924046
0108924078
0108924127
0108924335
0108924399
0108924430
0108924455
0108924737
0108924871
0108925000
0108925064
0108925096
0108925346
0108925498
0108926290
0201985974
0315915515
0315915716
0315924083
0315930104
0315931228
0315931330
0315931482
0315931725
0315931919
0315931965
0315932084
0315932140
0315932278
0315932486
0315932623
0315932736
0315933024
0315933095
0315933419
0315933440
0315933874
0315933923
0315934606
0315934645
0315934733
0315934860
0315935173
0315935303
0315935504
0315935695
0315935906
0315936233
0315936265
0315936434
0315936988
0402004332
0901063252
0901063527
1001200469
1101929752
1101929833
1201613470
1301082110
1402131741
1702175725
1702175757
2500635996
2802799461
3101074388
3200699976
3401194848
3603670602
3603671081
3603671525
3603671726
3603671758
3702814319
3702814686
3702814887
3702814975
3702815087
3702815249
3702815369
3702815496
3801209457
3801209489
4201864166
4201864293
4401069503
4601545799
4800914987
5300772849
5801415904
5801415968
5901128117
6400412351
0108920436
0108920524
0108921528
0108921817
0108922200
0108922264
0108924014
0108924060
0108924085
0108924159
0108924342
0108924381
0108924705
0108924769
0108924984
0108925018
0108925089
0108925152
0108925360
0108925466
0108926004
0108926318
0201985854
0201985981
0315915378
0315922858
0315924090
0315927140
0315930432
0315930993
0315931235
0315931309
0315931348
0315931443
0315931531
0315931732
0315931926
0315931997
0315932091
0315932207
0315932479
0315932493
0315932616
0315932662
0315933056
0315933867
0315934490
0315934571
0315934638
0315934719
0315934853
0315934878
0315935166
0315935222
0315935455
0315936240
0315936515
0315936875
0315937389
0402004283
0801298853
0901063333
1001200067
1101929424
1101929777
1101929801
1101929897
1201613463
1201613488
1301082103
1402131653
1501105911
1602109366
1801650146
2500635989
2500636044
2802799454
2802799567
3101074370
3200699969
3200699983
3603670930
3603671483
3603671564
3603671620
3702812872
3702814608
3702814943
3702814982
3702815016
3702815094
3702815256
3702815344
3702815383
3702815471
3801209383
4101551522
4201864173
4201864310
4500635069
4601545781
4800914962
4900855100
5300772831
5300772856
5702014838
5801415943
5901127882
6001669355
6400412312
0108920517
0108921479
0108921574
0108922190
0108922271
0108924092
0108924134
0108924198
0108924374
0108924751
0108925025
0108925113
0108925339
0108925353
0108925956
0108926011
0201985808
0201985910
0201985999
0315909952
0315918731
0315923812
0315924728
0315930009
0315930337
0315930471
0315930922
0315931108
0315931362
0315931475
0315931517
0315931549
0315931764
0315932013
0315932165
0315932253
0315932510
0315932574
0315932630
0315933754
0315933962
0315934518
0315934564
0315934596
0315934684
0315934807
0315934885
0315935159
0315935198
0315935279
0315935462
0315936498
0315936610
0315936836
0315937371
0315937660
0402004004
0402004325
0402004357
0801298902
0901063277
0901063407
1001200349
1101929745
1201613456
1301082093
1402131678
1501105848
1602109334
1702175690
1801648475
1801650918
2500635587
2500636005
2802799447
2802799479
2902012938
2902013184
3200699937
3301659539
3603670948
3603671476
3603671518
3603671557
3603671606
3603671701
3702812047
3702813347
3702815143
3702815288
3702815351
3702815400
3702815489
3801209337
3801209418
3901287970
4201864159
4201864279
4300843632
4500635051
4500635083
4601545742
4700277170
4900855090
5100472728
5702014732
5801415894
5801415936
5901127988
6001669348
6001669362
0108921510
0108924180
0108924215
0108925120
0108925226
0108925642
0108925963
0108926276
0201985815
0201985942
0315908807
0315910034
0315918523
0315921741
0315924069
0315924414
0315926556
0315929719
0315930023
0315930150
0315930376
0315930792
0315930979
0315931027
0315931203
0315931450
0315932006
0315932020
0315932239
0315932503
0315932567
0315932609
0315932648
0315933747
0315933803
0315933994
0315934500
0315934525
0315934797
0315934839
0315935092
0315936748
0315936850
0315937364
0315937646
0315937685
0402003924
0402004244
0801298596
0801298892
0901063460
1001200324
1101929713
1201613368
1301082047
1501105823
1602109278
1602109341
1702175154
1702175718
1801650900
1801650925
2500636012
2601032401
2802799542
2802799574
2902012952
2902013138
3002142083
3200699951
3301659514
3603671490
3603671613
3603671691
3603671719
3702810177
3702814238
3702815104
3702815270
3702815390
3801209217
3901287949
3901287988
4201864102
4201864222
4300843600
4300843657
4500635044
4500635076
4601545767
5000869695
5100472742
5702014718
5702014806
5801415862
5801415911
5901128004
6001669323
0108925201
0108925233
0108925635
0108925716
0108926237
0108926283
0201985847
0201985935
0315919823
0315922086
0315925270
0315926595
0315929187
0315929740
0315930030
0315930136
0315930305
0315930739
0315930898
0315930947
0315930986
0315931002
0315931034
0315931147
0315932542
0315932581
0315933673
0315933761
0315933835
0315934395
0315934772
0315935039
0315935141
0315936843
0315937237
0315937406
0315937678
0402003804
0402003931
0402004036
0402004251
0700831708
0801298719
0801298885
0901063453
1101929696
1201613375
1301082054
1501105830
1602109246
1602109359
1702174471
1702175637
1801650805
1900656251
2500636118
2802799422
2802799510
2902012920
2902012945
2902012991
3002142076
3002142090
3200699944
3301659433
3301659521
3603671638
3702809301
3702814171
3702815136
3901287931
4001190505
4201864014
4201864215
4201864254
4300843590
4300843618
4401069479
4601545774
5000869688
5100472735
5200904040
5500595139
5702014725
5702014789
5801415848
5901128124
0108925191
0108925265
0108925709
0108925868
0108926269
0201985928
0315922047
0315924823
0315926002
0315926940
0315928553
0315929476
0315929726
0315929927
0315930760
0315931115
0315931186
0315933680
0315933842
0315934370
0315934483
0315935014
0315937452
0402003096
0402003811
0402003970
0402004011
0402004082
0700831698
0801298571
0801298684
0801298846
0901063414
1101929689
1101929706
1602109239
1702175612
1801650770
1801650837
1900656237
2301104542
2500636125
2802799380
2802799493
2802799535
2902012688
3002142044
3002142100
3301659419
3603671677
3702815111
4001190470
4101551508
4201863980
4201864078
4201864208
4300843583
4300843625
4401069461
5200904019
5300772775
5500595040
5600327052
5702014757
5702014796
5801415492
5801415855
6001669309
0108925177
0108925240
0108925297
0108925843
0315925111
0315925619
0315926267
0315926933
0315926965
0315927542
0315928948
0315929268
0315929606
0315929839
0315929934
0315933722
0315934349
0315937420
0402003579
0402003882
0402003956
0402004068
0601184263
0801298557
0801298758
1101929544
1602109221
1702175605
1801650763
1801650788
1801650812
1801650869
1900656195
2301104479
2400872418
2601032391
2802798394
2802799398
2802799486
2802799503
2802799528
2902012670
2902012695
3002142069
3101074275
3301659426
3603671652
4001190431
4001190495
4101551498
4201863966
4201864007
4201864085
4300843576
4401069454
5300772768
5600327077
5801415809
6001669299
0315924862
0315925859
0315926147
0315926852
0315927006
0315927454
0315928546
0315928659
0315929130
0315929194
0315929701
0315929772
0315929878
0315929980
0315933715
0315934109
0402003561
0402003586
0402003868
0402003949
0402004043
0601184256
0601184288
0801298733
0801298807
1602109214
1702175570
1801650756
1801650851
1801650876
2301104461
2400872390
2400872496
2601032384
2700896836
2802799341
2802799408
2902012790
3101074268
3101074324
4001190311
4001190488
4101551480
4300843537
4401069408
5702014394
5801415799
5801415816
6001669267
0315925778
0315926122
0315927133
0315927366
0315928024
0315928578
0315928803
0315929003
0315929211
0315929677
0315934074
0315934123
0402003480
0402003610
0402003843
0402004050
0601184249
0601184270
0700831666
1801650844
1801650883
2100650333
2400872224
2400872432
2400872506
2601032313
2700896868
2802799327
2802799366
2802799415
2902012705
3101074282
3101074349
4001190287
4001190343
4101551459
4300843512
4300843551
4300843671
4401069422
5600327084
5801415781
6001669193
6001669281
0315927126
0315927616
0315928112
0315928627
0315928698
0315928810
0315934268
0402003473
0402003554
0402003794
0402003836
0601184224
2001318550
2301104260
2400872383
2400872425
2400872457
2601032183
2700896850
2802799140
2802799334
3101074317
3101074356
4001190142
4001190336
4001190368
4101551106
4101551473
4401069398
4401069415
6001669186
6001669228
6001669274
0315927567
0315927623
0315928264
0315928680
0315928754
0315928842
0315934236
0315934275
0402003762
0601184217
2001318568
2200767906
2301104373
2400872464
2802799126
2802799285
4001190375
4101551441
4101551466
4401069373
6001669203
6001669235
0315927944
0315928433
0315928722
0315928779
0315934194
0402003787
2100650319
2200767913
2301104341
2301104447
2400872489
2802799084
2802799133
2802799260
2802799292
4101551307
0315927775
0315928708
0315928747
2100650291
2301104292
2301104359
2301104422
2400872471
2802798845
2802799101
2802799246
2802799278
0315927768
2301104278
2301104302
2301104366
2301104408
2802799091
2802799119
2802799239
2802799253
0315927711
2301104285
2301104380
2301104415
2802799221
2301104398
2802799172
2802799165
2802799214
2802799158
2802799197
2802799207
